1637020415393060864  193.32300  50.11900  2.5500000000E-05
1637020420847606272  193.32300  48.30082  2.5500000000E-05
1637020426302151680  193.32300  46.48264  2.5500000000E-05
1637020431756697344  193.32300  44.66445  2.5500000000E-05
1637020437211242752  193.32300  42.84627  2.5500000000E-05
1637020442665788160  193.32300  41.02809  2.5500000000E-05
1637020448120333568  193.32300  39.20991  2.5500000000E-05
1637020453574878976  193.32300  37.39173  2.5500000000E-05
1637020459029424384  193.32300  35.57355  2.5500000000E-05
1637020464483970048  193.32300  33.75536  2.5500000000E-05
1637020469938515456  193.32300  31.93718  2.5500000000E-05
1637020475393060864  193.32300  30.11900  2.5500000000E-05
