1637019326730077440  195.14118  50.11900  2.5500000000E-05
1637019332184622848  195.14118  48.30082  2.5500000000E-05
1637019337639168256  195.14118  46.48264  2.5500000000E-05
1637019343093713920  195.14118  44.66445  2.5500000000E-05
1637019348548259328  195.14118  42.84627  2.5500000000E-05
1637019354002804736  195.14118  41.02809  2.5500000000E-05
1637019359457350144  195.14118  39.20991  2.5500000000E-05
1637019364911895552  195.14118  37.39173  2.5500000000E-05
1637019370366440960  195.14118  35.57355  2.5500000000E-05
1637019375820986624  195.14118  33.75536  2.5500000000E-05
1637019381275532032  195.14118  31.93718  2.5500000000E-05
1637019386730077440  195.14118  30.11900  2.5500000000E-05
